   2.8075392e-01	   2.8022215e-01	   2.8022215e-01	   2.8029823e-01	   2.8029823e-01	   2.8029823e-01	   2.8022215e-01	   2.8029823e-01	   2.8022215e-01	   2.8029823e-01	
   2.8029823e-01	   2.8022215e-01	   2.8022215e-01	   2.8029823e-01	   2.8029823e-01	   2.8029823e-01	   2.8022215e-01	   2.8029823e-01	   2.8022215e-01	   2.8029823e-01	
   2.8029823e-01	   2.8022215e-01	   2.8022215e-01	   2.8022215e-01	   2.8022215e-01	   2.8029823e-01	   2.8022215e-01	   2.8022215e-01	   2.8022215e-01	   2.8029823e-01	
   2.8022215e-01	   2.8022215e-01	   2.8022215e-01	   2.8022215e-01	   2.8022215e-01	   2.8022215e-01	   2.8022215e-01	   2.8022215e-01	   2.8022215e-01	   2.8022215e-01	
   2.8022215e-01	   2.8022215e-01	   2.8022215e-01	   2.8022215e-01	   2.8022215e-01	   2.8022215e-01	   2.8022215e-01	   2.8022215e-01	   2.8022215e-01	   2.8022215e-01	
   2.8019302e-01	   2.8022215e-01	   2.8022215e-01	   2.8022215e-01	   2.8022215e-01	   2.8019302e-01	   2.8022215e-01	   2.8022215e-01	   2.8022215e-01	   2.8022215e-01	
   0.0000000e+00	   2.8022215e-01	   2.8022215e-01	   2.8022215e-01	   2.8022215e-01	   0.0000000e+00	   2.8022215e-01	   2.8022215e-01	   2.8022215e-01	   2.8022215e-01	
   0.0000000e+00	   2.8022215e-01	   2.8022215e-01	   2.8022215e-01	   2.8022215e-01	   0.0000000e+00	   2.8022215e-01	   2.8022215e-01	   2.8022215e-01	   2.8022215e-01	
   0.0000000e+00	   2.8022215e-01	   2.8022215e-01	   2.8022215e-01	   2.8022215e-01	   0.0000000e+00	   2.8022215e-01	   2.8022215e-01	   2.8022215e-01	   2.8022215e-01	
   0.0000000e+00	   2.8022215e-01	   2.8022215e-01	   2.8022215e-01	   2.8022215e-01	   0.0000000e+00	   2.8022215e-01	   2.8022215e-01	   2.8022215e-01	   2.8022215e-01	
   0.0000000e+00	   2.8019302e-01	   2.8022215e-01	   2.8022215e-01	   2.8022215e-01	   0.0000000e+00	   2.8022215e-01	   2.8022215e-01	   2.8022215e-01	   2.8022215e-01	
   0.0000000e+00	   0.0000000e+00	   2.8019302e-01	   2.8022215e-01	   2.8022215e-01	   0.0000000e+00	   2.8022215e-01	   2.8022215e-01	   2.8019302e-01	   2.8022215e-01	
   0.0000000e+00	   0.0000000e+00	   0.0000000e+00	   2.8022215e-01	   2.8022215e-01	   0.0000000e+00	   2.8022215e-01	   2.8022215e-01	   0.0000000e+00	   2.8022215e-01	
   0.0000000e+00	   0.0000000e+00	   0.0000000e+00	   2.8022215e-01	   2.8019302e-01	   0.0000000e+00	   2.8019302e-01	   2.8022215e-01	   0.0000000e+00	   2.8022215e-01	
   0.0000000e+00	   0.0000000e+00	   0.0000000e+00	   2.8019302e-01	   0.0000000e+00	   0.0000000e+00	   0.0000000e+00	   2.8022215e-01	   0.0000000e+00	   2.8022215e-01	
   0.0000000e+00	   0.0000000e+00	   0.0000000e+00	   0.0000000e+00	   0.0000000e+00	   0.0000000e+00	   0.0000000e+00	   2.8022215e-01	   0.0000000e+00	   2.8022215e-01	
   0.0000000e+00	   0.0000000e+00	   0.0000000e+00	   0.0000000e+00	   0.0000000e+00	   0.0000000e+00	   0.0000000e+00	   2.8022215e-01	   0.0000000e+00	   2.8019302e-01	
   0.0000000e+00	   0.0000000e+00	   0.0000000e+00	   0.0000000e+00	   0.0000000e+00	   0.0000000e+00	   0.0000000e+00	   2.8022215e-01	   0.0000000e+00	   0.0000000e+00	
   0.0000000e+00	   0.0000000e+00	   0.0000000e+00	   0.0000000e+00	   0.0000000e+00	   0.0000000e+00	   0.0000000e+00	   2.8022215e-01	   0.0000000e+00	   0.0000000e+00	
   0.0000000e+00	   0.0000000e+00	   0.0000000e+00	   0.0000000e+00	   0.0000000e+00	   0.0000000e+00	   0.0000000e+00	   2.8019302e-01	   0.0000000e+00	   0.0000000e+00	
   0.0000000e+00	   0.0000000e+00	   0.0000000e+00	   0.0000000e+00	   0.0000000e+00	   0.0000000e+00	   0.0000000e+00	   0.0000000e+00	   0.0000000e+00	   0.0000000e+00	
   0.0000000e+00	   0.0000000e+00	   0.0000000e+00	   0.0000000e+00	   0.0000000e+00	   0.0000000e+00	   0.0000000e+00	   0.0000000e+00	   0.0000000e+00	   0.0000000e+00	
   0.0000000e+00	   0.0000000e+00	   0.0000000e+00	   0.0000000e+00	   0.0000000e+00	   0.0000000e+00	   0.0000000e+00	   0.0000000e+00	   0.0000000e+00	   0.0000000e+00	
   0.0000000e+00	   0.0000000e+00	   0.0000000e+00	   0.0000000e+00	   0.0000000e+00	   0.0000000e+00	   0.0000000e+00	   0.0000000e+00	   0.0000000e+00	   0.0000000e+00	
   0.0000000e+00	   0.0000000e+00	   0.0000000e+00	   0.0000000e+00	   0.0000000e+00	   0.0000000e+00	   0.0000000e+00	   0.0000000e+00	   0.0000000e+00	   0.0000000e+00	
   0.0000000e+00	   0.0000000e+00	   0.0000000e+00	   0.0000000e+00	   0.0000000e+00	   0.0000000e+00	   0.0000000e+00	   0.0000000e+00	   0.0000000e+00	   0.0000000e+00	
   0.0000000e+00	   0.0000000e+00	   0.0000000e+00	   0.0000000e+00	   0.0000000e+00	   0.0000000e+00	   0.0000000e+00	   0.0000000e+00	   0.0000000e+00	   0.0000000e+00	
   0.0000000e+00	   0.0000000e+00	   0.0000000e+00	   0.0000000e+00	   0.0000000e+00	   0.0000000e+00	   0.0000000e+00	   0.0000000e+00	   0.0000000e+00	   0.0000000e+00	
   0.0000000e+00	   0.0000000e+00	   0.0000000e+00	   0.0000000e+00	   0.0000000e+00	   0.0000000e+00	   0.0000000e+00	   0.0000000e+00	   0.0000000e+00	   0.0000000e+00	
   0.0000000e+00	   0.0000000e+00	   0.0000000e+00	   0.0000000e+00	   0.0000000e+00	   0.0000000e+00	   0.0000000e+00	   0.0000000e+00	   0.0000000e+00	   0.0000000e+00	
   5.7000000e+01	   8.8000000e+01	   1.0000000e+02	   1.2100000e+02	   1.3100000e+02	   5.2000000e+01	   1.2300000e+02	   1.7200000e+02	   8.9000000e+01	   1.3300000e+02	
   1.6519930e+01	   1.2855959e+01	   1.4360575e+01	   1.6885378e+01	   1.5206913e+01	   7.4231042e+00	   1.5725634e+01	   2.2063292e+01	   1.2204821e+01	   1.7464251e+01	
   5.3700000e+02	   6.3200000e+02	   7.1600000e+02	   8.4300000e+02	   8.4200000e+02	   5.1300000e+02	   8.6100000e+02	   1.0940000e+03	   6.8000000e+02	   9.2500000e+02	
   5.0000000e+00	   7.0000000e+00	   6.0000000e+00	   9.0000000e+00	   1.0000000e+01	   6.0000000e+00	   5.0000000e+00	   9.0000000e+00	   6.0000000e+00	   1.0000000e+01	
